10010111110011110000001101100111
01001101000000101101111101110001
11001110100100000011101111000111
01111000001110010111110001011011
01011000010100011110000011101110
01100000111111001111101100110000
11000110111110110001011111000110
11011010101111111011100010110110
00001101001000010110100001110101
11101101101100100111100111000101
00010111011011000010000001010001
00110000100101010001100001000000
01000100101000011111101010101001
01110110000101011011001101100110
11110111001110001101000100011110
10101001001100000000101101010110
11110110000100000111110011001010
10110101010111011010010111100101
01011000010100100011110110100100
11110001101011110010110110000111
00011110110110110000101110101000
11010011000111111101001011001111
11010010010010001101001011000001
00100011100100011010001101101011
11101001010101000010011101101111
11111000110101111000110110110100
11110100111110010001101000001010
10110001101011100110110101111000
11000011111101111010001111011101
11111001100001010111010011101001
11110101111001111001100100011000
00011001011011111011010101110111
00100000110010000000110101000000
00111101000010001111100000011011
10101111111001111110101011001100
11010101010000011001111111101010
01000111010111001111100101000000
11001111111110000011001011011100
10111000000101100101010011000110
00011100001110100100110100000111
11100101111111110000001010001000
01110000010101001010000111100001
11111100110101010000011110000010
11100010100100111001001101001011
00101111010110010000101101001001
10011101011001011100010001000011
00001000110000111010101011110100
00100110100111001000100101101110
00010101100000110101011001111000
00100110101110110101101000010110
10011011100011101110000001001011
10000110001000000010110110010101
11110001010000001011100111010100
10110100110000000101000100101011
10111010100101011110110111101100
10110010011011000101010110000110
01110111110001010000000100100100
10011111111001000011010010000001
01111011100011000000100001011010
10111001000110111111101110000111
01110110010111000000011000111100
01101101101001111010110000010011
00010111100010110011010011010111
00001101101101110010110111010001
10101000110101010100011010000101
11000001000000001011110100011110
10111001000011010110010011001111
00011101100111010011011011011001
01001110000011001011001101111110
10010001001110000010000000001110
01111011110111010110101100101100
01101001000001100010100001000000
01100011001010100101011111010000
01111001001101100011000010110101
10100100010111110001011010001000
00001010000110010010100111100000
00011000011011100100010000001000
00110001001101111101011011000000
01001001001111100110010011101010
00001110100010011011110110110101
01011111000110011101100010111001
01011000011110110000101011001000
10101010000001001000101010111001
11100101011000000001110110001110
01000010001011101010111111011011
10001000111001100100001110111111
01000010110011001101100011111011
01011011000001100110111001011000
10001110001110010011000100101110
00110110011111011111101000000001
00001011101100010101110000000001
01010011110001110010110000100110
01000100011001110010100100100011
00000110111101110110110000000001
11100011110110100010110010011111
11000001011000110110100111101101
00101101010111001100001000000110
10110010111110110011101101100111
01111001110110100110001101001111
01010110010110010010010000011101
01000110011101000101100011110011
00101010111011011110011001100110
00000111010010100101111110001001
00111110001000101011001111110110
00000110001001000011100010101110
11101011001110010011110110100000
11101000001011110101100010101001
01101000000101101001011001010111
10101001011010001010000111010010
11111001111101001000000001011101
01000111000100011000011010111000
00001000100010010101001110011101
01010100011000110101111000000010
11111101110011000101110101100010
01010010001100111100001001011011
10101001110101010110100001000100
10011011000000001111000001110100
01011101101000110100101010100111
11000111010100000001110001010110
00011011101110001010101110101101
11010101100110010001010100010000
11111100000100110111110110010111
10100001100000010000010110110110
01011010001001010100111010111111
00110010111111000000000110111011
00100100110011010011000101010100
00001001111001000011110001000001
10011111010101110011011011101111
