10010001110000110100001011110110
11000000110001000011101100110110
00100111111100110011100010100100
01101001110101011011000000101001
00110101001111000110101101011001
10001110101110011101101001010011
01010011100101100101101001000010
11010101101011110101010010010100
00011010111100010111110001010010
01111101100001110001101101000001
00101101001101001000100000010011
10110111001000010100110101101100
00010010101110110111101111011100
00100110110011111011110101110110
11101100111001110100110110000100
10010100010101000001000001110101
10011010001011010100010100001111
10011111010111010001101001100110
00110011011111110100010100001011
01010010101111111110001101101101
01000111000110101000010010101100
00010111000111001111000001010101
00101010010010100011001011011011
00011001110001101001100111010000
01011111001010001000101110000101
00011010011011101101110110001111
10100001001011100110111010000010
11000010111011011001100111110011
11110011110111110100100000110100
11100111110010011101010101010011
10000010000110011110101011100111
01001101001101110001001101000101
